{
 "cells": [
  {
   "cell_type": "code",
   "execution_count": 1,
   "id": "0f6c44eb",
   "metadata": {},
   "outputs": [
    {
     "data": {
      "text/html": [
       "<div>\n",
       "<style scoped>\n",
       "    .dataframe tbody tr th:only-of-type {\n",
       "        vertical-align: middle;\n",
       "    }\n",
       "\n",
       "    .dataframe tbody tr th {\n",
       "        vertical-align: top;\n",
       "    }\n",
       "\n",
       "    .dataframe thead th {\n",
       "        text-align: right;\n",
       "    }\n",
       "</style>\n",
       "<table border=\"1\" class=\"dataframe\">\n",
       "  <thead>\n",
       "    <tr style=\"text-align: right;\">\n",
       "      <th></th>\n",
       "      <th>0</th>\n",
       "      <th>1</th>\n",
       "      <th>2</th>\n",
       "      <th>3</th>\n",
       "      <th>4</th>\n",
       "      <th>5</th>\n",
       "      <th>6</th>\n",
       "      <th>7</th>\n",
       "      <th>8</th>\n",
       "      <th>9</th>\n",
       "      <th>10</th>\n",
       "      <th>11</th>\n",
       "      <th>12</th>\n",
       "      <th>13</th>\n",
       "    </tr>\n",
       "  </thead>\n",
       "  <tbody>\n",
       "    <tr>\n",
       "      <th>0</th>\n",
       "      <td>1</td>\n",
       "      <td>14.23</td>\n",
       "      <td>1.71</td>\n",
       "      <td>2.43</td>\n",
       "      <td>15.6</td>\n",
       "      <td>127</td>\n",
       "      <td>2.80</td>\n",
       "      <td>3.06</td>\n",
       "      <td>0.28</td>\n",
       "      <td>2.29</td>\n",
       "      <td>5.64</td>\n",
       "      <td>1.04</td>\n",
       "      <td>3.92</td>\n",
       "      <td>1065</td>\n",
       "    </tr>\n",
       "    <tr>\n",
       "      <th>1</th>\n",
       "      <td>1</td>\n",
       "      <td>13.20</td>\n",
       "      <td>1.78</td>\n",
       "      <td>2.14</td>\n",
       "      <td>11.2</td>\n",
       "      <td>100</td>\n",
       "      <td>2.65</td>\n",
       "      <td>2.76</td>\n",
       "      <td>0.26</td>\n",
       "      <td>1.28</td>\n",
       "      <td>4.38</td>\n",
       "      <td>1.05</td>\n",
       "      <td>3.40</td>\n",
       "      <td>1050</td>\n",
       "    </tr>\n",
       "    <tr>\n",
       "      <th>2</th>\n",
       "      <td>1</td>\n",
       "      <td>13.16</td>\n",
       "      <td>2.36</td>\n",
       "      <td>2.67</td>\n",
       "      <td>18.6</td>\n",
       "      <td>101</td>\n",
       "      <td>2.80</td>\n",
       "      <td>3.24</td>\n",
       "      <td>0.30</td>\n",
       "      <td>2.81</td>\n",
       "      <td>5.68</td>\n",
       "      <td>1.03</td>\n",
       "      <td>3.17</td>\n",
       "      <td>1185</td>\n",
       "    </tr>\n",
       "    <tr>\n",
       "      <th>3</th>\n",
       "      <td>1</td>\n",
       "      <td>14.37</td>\n",
       "      <td>1.95</td>\n",
       "      <td>2.50</td>\n",
       "      <td>16.8</td>\n",
       "      <td>113</td>\n",
       "      <td>3.85</td>\n",
       "      <td>3.49</td>\n",
       "      <td>0.24</td>\n",
       "      <td>2.18</td>\n",
       "      <td>7.80</td>\n",
       "      <td>0.86</td>\n",
       "      <td>3.45</td>\n",
       "      <td>1480</td>\n",
       "    </tr>\n",
       "    <tr>\n",
       "      <th>4</th>\n",
       "      <td>1</td>\n",
       "      <td>13.24</td>\n",
       "      <td>2.59</td>\n",
       "      <td>2.87</td>\n",
       "      <td>21.0</td>\n",
       "      <td>118</td>\n",
       "      <td>2.80</td>\n",
       "      <td>2.69</td>\n",
       "      <td>0.39</td>\n",
       "      <td>1.82</td>\n",
       "      <td>4.32</td>\n",
       "      <td>1.04</td>\n",
       "      <td>2.93</td>\n",
       "      <td>735</td>\n",
       "    </tr>\n",
       "  </tbody>\n",
       "</table>\n",
       "</div>"
      ],
      "text/plain": [
       "   0      1     2     3     4    5     6     7     8     9     10    11    12  \\\n",
       "0   1  14.23  1.71  2.43  15.6  127  2.80  3.06  0.28  2.29  5.64  1.04  3.92   \n",
       "1   1  13.20  1.78  2.14  11.2  100  2.65  2.76  0.26  1.28  4.38  1.05  3.40   \n",
       "2   1  13.16  2.36  2.67  18.6  101  2.80  3.24  0.30  2.81  5.68  1.03  3.17   \n",
       "3   1  14.37  1.95  2.50  16.8  113  3.85  3.49  0.24  2.18  7.80  0.86  3.45   \n",
       "4   1  13.24  2.59  2.87  21.0  118  2.80  2.69  0.39  1.82  4.32  1.04  2.93   \n",
       "\n",
       "     13  \n",
       "0  1065  \n",
       "1  1050  \n",
       "2  1185  \n",
       "3  1480  \n",
       "4   735  "
      ]
     },
     "execution_count": 1,
     "metadata": {},
     "output_type": "execute_result"
    }
   ],
   "source": [
    "import warnings\n",
    "warnings.filterwarnings('ignore')\n",
    "import numpy as np\n",
    "import pandas as pd\n",
    "import matplotlib.pyplot as plt\n",
    "from sklearn.preprocessing import StandardScaler\n",
    "from sklearn.model_selection import train_test_split\n",
    "\n",
    "#df_wine = pd.read_csv('https://archive.ics.uci.edu/ml/machine-learning-databases/wine/wine.data', header=None)\n",
    "\n",
    "df_wine = pd.read_csv('data/wine_data.csv',header=None)      \n",
    "df_wine.head()"
   ]
  },
  {
   "cell_type": "code",
   "execution_count": 2,
   "id": "cf7a0e0b",
   "metadata": {},
   "outputs": [
    {
     "data": {
      "text/html": [
       "<div>\n",
       "<style scoped>\n",
       "    .dataframe tbody tr th:only-of-type {\n",
       "        vertical-align: middle;\n",
       "    }\n",
       "\n",
       "    .dataframe tbody tr th {\n",
       "        vertical-align: top;\n",
       "    }\n",
       "\n",
       "    .dataframe thead th {\n",
       "        text-align: right;\n",
       "    }\n",
       "</style>\n",
       "<table border=\"1\" class=\"dataframe\">\n",
       "  <thead>\n",
       "    <tr style=\"text-align: right;\">\n",
       "      <th></th>\n",
       "      <th>Class label</th>\n",
       "      <th>Alcohol</th>\n",
       "      <th>Malic acid</th>\n",
       "      <th>Ash</th>\n",
       "      <th>Alcalinity of ash</th>\n",
       "      <th>Magnesium</th>\n",
       "      <th>Total phenols</th>\n",
       "      <th>Flavanoids</th>\n",
       "      <th>Nonflavanoid phenols</th>\n",
       "      <th>Proanthocyanins</th>\n",
       "      <th>Color intensity</th>\n",
       "      <th>Hue</th>\n",
       "      <th>OD280/OD315 of diluted wines</th>\n",
       "      <th>Proline</th>\n",
       "    </tr>\n",
       "  </thead>\n",
       "  <tbody>\n",
       "    <tr>\n",
       "      <th>0</th>\n",
       "      <td>1</td>\n",
       "      <td>14.23</td>\n",
       "      <td>1.71</td>\n",
       "      <td>2.43</td>\n",
       "      <td>15.6</td>\n",
       "      <td>127</td>\n",
       "      <td>2.80</td>\n",
       "      <td>3.06</td>\n",
       "      <td>0.28</td>\n",
       "      <td>2.29</td>\n",
       "      <td>5.64</td>\n",
       "      <td>1.04</td>\n",
       "      <td>3.92</td>\n",
       "      <td>1065</td>\n",
       "    </tr>\n",
       "    <tr>\n",
       "      <th>1</th>\n",
       "      <td>1</td>\n",
       "      <td>13.20</td>\n",
       "      <td>1.78</td>\n",
       "      <td>2.14</td>\n",
       "      <td>11.2</td>\n",
       "      <td>100</td>\n",
       "      <td>2.65</td>\n",
       "      <td>2.76</td>\n",
       "      <td>0.26</td>\n",
       "      <td>1.28</td>\n",
       "      <td>4.38</td>\n",
       "      <td>1.05</td>\n",
       "      <td>3.40</td>\n",
       "      <td>1050</td>\n",
       "    </tr>\n",
       "    <tr>\n",
       "      <th>2</th>\n",
       "      <td>1</td>\n",
       "      <td>13.16</td>\n",
       "      <td>2.36</td>\n",
       "      <td>2.67</td>\n",
       "      <td>18.6</td>\n",
       "      <td>101</td>\n",
       "      <td>2.80</td>\n",
       "      <td>3.24</td>\n",
       "      <td>0.30</td>\n",
       "      <td>2.81</td>\n",
       "      <td>5.68</td>\n",
       "      <td>1.03</td>\n",
       "      <td>3.17</td>\n",
       "      <td>1185</td>\n",
       "    </tr>\n",
       "    <tr>\n",
       "      <th>3</th>\n",
       "      <td>1</td>\n",
       "      <td>14.37</td>\n",
       "      <td>1.95</td>\n",
       "      <td>2.50</td>\n",
       "      <td>16.8</td>\n",
       "      <td>113</td>\n",
       "      <td>3.85</td>\n",
       "      <td>3.49</td>\n",
       "      <td>0.24</td>\n",
       "      <td>2.18</td>\n",
       "      <td>7.80</td>\n",
       "      <td>0.86</td>\n",
       "      <td>3.45</td>\n",
       "      <td>1480</td>\n",
       "    </tr>\n",
       "    <tr>\n",
       "      <th>4</th>\n",
       "      <td>1</td>\n",
       "      <td>13.24</td>\n",
       "      <td>2.59</td>\n",
       "      <td>2.87</td>\n",
       "      <td>21.0</td>\n",
       "      <td>118</td>\n",
       "      <td>2.80</td>\n",
       "      <td>2.69</td>\n",
       "      <td>0.39</td>\n",
       "      <td>1.82</td>\n",
       "      <td>4.32</td>\n",
       "      <td>1.04</td>\n",
       "      <td>2.93</td>\n",
       "      <td>735</td>\n",
       "    </tr>\n",
       "    <tr>\n",
       "      <th>...</th>\n",
       "      <td>...</td>\n",
       "      <td>...</td>\n",
       "      <td>...</td>\n",
       "      <td>...</td>\n",
       "      <td>...</td>\n",
       "      <td>...</td>\n",
       "      <td>...</td>\n",
       "      <td>...</td>\n",
       "      <td>...</td>\n",
       "      <td>...</td>\n",
       "      <td>...</td>\n",
       "      <td>...</td>\n",
       "      <td>...</td>\n",
       "      <td>...</td>\n",
       "    </tr>\n",
       "    <tr>\n",
       "      <th>173</th>\n",
       "      <td>3</td>\n",
       "      <td>13.71</td>\n",
       "      <td>5.65</td>\n",
       "      <td>2.45</td>\n",
       "      <td>20.5</td>\n",
       "      <td>95</td>\n",
       "      <td>1.68</td>\n",
       "      <td>0.61</td>\n",
       "      <td>0.52</td>\n",
       "      <td>1.06</td>\n",
       "      <td>7.70</td>\n",
       "      <td>0.64</td>\n",
       "      <td>1.74</td>\n",
       "      <td>740</td>\n",
       "    </tr>\n",
       "    <tr>\n",
       "      <th>174</th>\n",
       "      <td>3</td>\n",
       "      <td>13.40</td>\n",
       "      <td>3.91</td>\n",
       "      <td>2.48</td>\n",
       "      <td>23.0</td>\n",
       "      <td>102</td>\n",
       "      <td>1.80</td>\n",
       "      <td>0.75</td>\n",
       "      <td>0.43</td>\n",
       "      <td>1.41</td>\n",
       "      <td>7.30</td>\n",
       "      <td>0.70</td>\n",
       "      <td>1.56</td>\n",
       "      <td>750</td>\n",
       "    </tr>\n",
       "    <tr>\n",
       "      <th>175</th>\n",
       "      <td>3</td>\n",
       "      <td>13.27</td>\n",
       "      <td>4.28</td>\n",
       "      <td>2.26</td>\n",
       "      <td>20.0</td>\n",
       "      <td>120</td>\n",
       "      <td>1.59</td>\n",
       "      <td>0.69</td>\n",
       "      <td>0.43</td>\n",
       "      <td>1.35</td>\n",
       "      <td>10.20</td>\n",
       "      <td>0.59</td>\n",
       "      <td>1.56</td>\n",
       "      <td>835</td>\n",
       "    </tr>\n",
       "    <tr>\n",
       "      <th>176</th>\n",
       "      <td>3</td>\n",
       "      <td>13.17</td>\n",
       "      <td>2.59</td>\n",
       "      <td>2.37</td>\n",
       "      <td>20.0</td>\n",
       "      <td>120</td>\n",
       "      <td>1.65</td>\n",
       "      <td>0.68</td>\n",
       "      <td>0.53</td>\n",
       "      <td>1.46</td>\n",
       "      <td>9.30</td>\n",
       "      <td>0.60</td>\n",
       "      <td>1.62</td>\n",
       "      <td>840</td>\n",
       "    </tr>\n",
       "    <tr>\n",
       "      <th>177</th>\n",
       "      <td>3</td>\n",
       "      <td>14.13</td>\n",
       "      <td>4.10</td>\n",
       "      <td>2.74</td>\n",
       "      <td>24.5</td>\n",
       "      <td>96</td>\n",
       "      <td>2.05</td>\n",
       "      <td>0.76</td>\n",
       "      <td>0.56</td>\n",
       "      <td>1.35</td>\n",
       "      <td>9.20</td>\n",
       "      <td>0.61</td>\n",
       "      <td>1.60</td>\n",
       "      <td>560</td>\n",
       "    </tr>\n",
       "  </tbody>\n",
       "</table>\n",
       "<p>178 rows × 14 columns</p>\n",
       "</div>"
      ],
      "text/plain": [
       "     Class label  Alcohol  Malic acid   Ash  Alcalinity of ash  Magnesium  \\\n",
       "0              1    14.23        1.71  2.43               15.6        127   \n",
       "1              1    13.20        1.78  2.14               11.2        100   \n",
       "2              1    13.16        2.36  2.67               18.6        101   \n",
       "3              1    14.37        1.95  2.50               16.8        113   \n",
       "4              1    13.24        2.59  2.87               21.0        118   \n",
       "..           ...      ...         ...   ...                ...        ...   \n",
       "173            3    13.71        5.65  2.45               20.5         95   \n",
       "174            3    13.40        3.91  2.48               23.0        102   \n",
       "175            3    13.27        4.28  2.26               20.0        120   \n",
       "176            3    13.17        2.59  2.37               20.0        120   \n",
       "177            3    14.13        4.10  2.74               24.5         96   \n",
       "\n",
       "     Total phenols  Flavanoids  Nonflavanoid phenols  Proanthocyanins  \\\n",
       "0             2.80        3.06                  0.28             2.29   \n",
       "1             2.65        2.76                  0.26             1.28   \n",
       "2             2.80        3.24                  0.30             2.81   \n",
       "3             3.85        3.49                  0.24             2.18   \n",
       "4             2.80        2.69                  0.39             1.82   \n",
       "..             ...         ...                   ...              ...   \n",
       "173           1.68        0.61                  0.52             1.06   \n",
       "174           1.80        0.75                  0.43             1.41   \n",
       "175           1.59        0.69                  0.43             1.35   \n",
       "176           1.65        0.68                  0.53             1.46   \n",
       "177           2.05        0.76                  0.56             1.35   \n",
       "\n",
       "     Color intensity   Hue  OD280/OD315 of diluted wines  Proline  \n",
       "0               5.64  1.04                          3.92     1065  \n",
       "1               4.38  1.05                          3.40     1050  \n",
       "2               5.68  1.03                          3.17     1185  \n",
       "3               7.80  0.86                          3.45     1480  \n",
       "4               4.32  1.04                          2.93      735  \n",
       "..               ...   ...                           ...      ...  \n",
       "173             7.70  0.64                          1.74      740  \n",
       "174             7.30  0.70                          1.56      750  \n",
       "175            10.20  0.59                          1.56      835  \n",
       "176             9.30  0.60                          1.62      840  \n",
       "177             9.20  0.61                          1.60      560  \n",
       "\n",
       "[178 rows x 14 columns]"
      ]
     },
     "execution_count": 2,
     "metadata": {},
     "output_type": "execute_result"
    }
   ],
   "source": [
    "df_wine.columns = ['Class label', 'Alcohol', 'Malic acid', 'Ash',\n",
    "       'Alcalinity of ash', 'Magnesium', 'Total phenols',\n",
    "       'Flavanoids', 'Nonflavanoid phenols', 'Proanthocyanins',\n",
    "       'Color intensity', 'Hue', 'OD280/OD315 of diluted wines',\n",
    "       'Proline']\n",
    "\n",
    "df_wine"
   ]
  },
  {
   "cell_type": "markdown",
   "id": "47388d64",
   "metadata": {},
   "source": [
    "# 標準化訓練及測試數據"
   ]
  },
  {
   "cell_type": "code",
   "execution_count": 3,
   "id": "56cf8bc2",
   "metadata": {},
   "outputs": [
    {
     "name": "stdout",
     "output_type": "stream",
     "text": [
      "# of data: 178\n",
      "# of features: 13\n"
     ]
    }
   ],
   "source": [
    "#Standardize features by removing the mean and scaling to unit variance\n",
    "sc = StandardScaler()\n",
    "X, y = df_wine.iloc[:, 1:].values, df_wine.iloc[:, 0].values # 0為 Class label ,  1之後為13個特徵\n",
    "print('# of data:',X.shape[0])\n",
    "print('# of features:',X.shape[1])\n",
    "X_train, X_test, y_train, y_test = train_test_split(X, y, test_size=0.3, random_state=0)\n",
    "X_train_std=sc.fit_transform(X_train)\n",
    "X_test_std=sc.fit_transform(X_test)\n"
   ]
  },
  {
   "cell_type": "markdown",
   "id": "d53066e8",
   "metadata": {},
   "source": [
    "# 求Features的共變異係數矩陣\n",
    "\n",
    "Estimate a covariance matrix, given data and weights.\n",
    "\n",
    "Covariance indicates the level to which two variables vary together. If we examine N-dimensional samples, X = [x_1, x_2,... x_N]^T, then the covariance matrix element C_{ij} is the covariance of x_i and x_j. The element C_{ii} is the variance of x_i."
   ]
  },
  {
   "cell_type": "code",
   "execution_count": 4,
   "id": "17dd7ad9",
   "metadata": {},
   "outputs": [
    {
     "name": "stdout",
     "output_type": "stream",
     "text": [
      "共變異係數矩陣.shape= (13, 13)\n",
      "共變異係數矩陣= [[ 1.00813008  0.08797701  0.23066952 -0.32868099  0.2141631   0.35576761\n",
      "   0.2991246  -0.16913744  0.09649074  0.56962271 -0.04781543  0.07403492\n",
      "   0.63277882]\n",
      " [ 0.08797701  1.00813008  0.2016416   0.30658143 -0.06030917 -0.30124242\n",
      "  -0.41221162  0.36616593 -0.19190146  0.30749173 -0.54992807 -0.39352761\n",
      "  -0.20253906]\n",
      " [ 0.23066952  0.2016416   1.00813008  0.44971971  0.18321413  0.12235533\n",
      "   0.06130256  0.18655693 -0.02607834  0.24555355 -0.10928021 -0.01820002\n",
      "   0.15948032]\n",
      " [-0.32868099  0.30658143  0.44971971  1.00813008 -0.08930998 -0.37018442\n",
      "  -0.41804463  0.40212108 -0.25765667 -0.03090225 -0.25313262 -0.28934372\n",
      "  -0.48504311]\n",
      " [ 0.2141631  -0.06030917  0.18321413 -0.08930998  1.00813008  0.16513295\n",
      "   0.14458703 -0.30763563  0.27228619  0.1260674   0.05792599  0.01596134\n",
      "   0.31461066]\n",
      " [ 0.35576761 -0.30124242  0.12235533 -0.37018442  0.16513295  1.00813008\n",
      "   0.88119961 -0.45396901  0.6196806  -0.06935051  0.45718802  0.72214462\n",
      "   0.56326772]\n",
      " [ 0.2991246  -0.41221162  0.06130256 -0.41804463  0.14458703  0.88119961\n",
      "   1.00813008 -0.58329952  0.66598997 -0.19183675  0.58331869  0.80205789\n",
      "   0.55759374]\n",
      " [-0.16913744  0.36616593  0.18655693  0.40212108 -0.30763563 -0.45396901\n",
      "  -0.58329952  1.00813008 -0.35394023  0.15451294 -0.3178224  -0.49379349\n",
      "  -0.36456587]\n",
      " [ 0.09649074 -0.19190146 -0.02607834 -0.25765667  0.27228619  0.6196806\n",
      "   0.66598997 -0.35394023  1.00813008 -0.07018068  0.32282167  0.51036557\n",
      "   0.35552117]\n",
      " [ 0.56962271  0.30749173  0.24555355 -0.03090225  0.1260674  -0.06935051\n",
      "  -0.19183675  0.15451294 -0.07018068  1.00813008 -0.52395358 -0.45165752\n",
      "   0.31605457]\n",
      " [-0.04781543 -0.54992807 -0.10928021 -0.25313262  0.05792599  0.45718802\n",
      "   0.58331869 -0.3178224   0.32282167 -0.52395358  1.00813008  0.60022569\n",
      "   0.2452794 ]\n",
      " [ 0.07403492 -0.39352761 -0.01820002 -0.28934372  0.01596134  0.72214462\n",
      "   0.80205789 -0.49379349  0.51036557 -0.45165752  0.60022569  1.00813008\n",
      "   0.32437157]\n",
      " [ 0.63277882 -0.20253906  0.15948032 -0.48504311  0.31461066  0.56326772\n",
      "   0.55759374 -0.36456587  0.35552117  0.31605457  0.2452794   0.32437157\n",
      "   1.00813008]]\n"
     ]
    }
   ],
   "source": [
    "#求共變異係數矩陣的特徵向量及特徵值\n",
    "cov_mat = np.cov(X_train_std.T)\n",
    "print(\"共變異係數矩陣.shape=\",cov_mat.shape)\n",
    "print(\"共變異係數矩陣=\",cov_mat)"
   ]
  },
  {
   "cell_type": "code",
   "execution_count": 5,
   "id": "f20a0def",
   "metadata": {},
   "outputs": [
    {
     "name": "stdout",
     "output_type": "stream",
     "text": [
      "特徵向量(Eigen Vector)= (13, 13)\n",
      "特徵值(Eigen Value)= [4.8923083  2.46635032 1.42809973 1.01233462 0.84906459 0.60181514\n",
      " 0.52251546 0.08414846 0.33051429 0.29595018 0.16831254 0.21432212\n",
      " 0.2399553 ]\n"
     ]
    }
   ],
   "source": [
    "#求共變異係數矩陣的特徵向量及特徵值\n",
    "eigen_vals, eigen_vecs = np.linalg.eig(cov_mat)\n",
    "print(\"特徵向量(Eigen Vector)=\",eigen_vecs.shape)\n",
    "print(\"特徵值(Eigen Value)=\",eigen_vals)"
   ]
  },
  {
   "cell_type": "code",
   "execution_count": 6,
   "id": "5daf086c",
   "metadata": {},
   "outputs": [
    {
     "name": "stdout",
     "output_type": "stream",
     "text": [
      "各特徵值變異數比率：\n",
      " [0.37329647723490655, 0.18818926106599568, 0.108967907247578, 0.07724389477124877, 0.06478594601826185, 0.04592013811478145, 0.03986935597634705, 0.02521914260726155, 0.02258180681767966, 0.018309244719526892, 0.016353362655051454, 0.012842705837492745, 0.0064207569338682905]\n",
      "\n",
      "特徵值變異數比率累加：\n",
      " [0.37329648 0.56148574 0.67045365 0.74769754 0.81248349 0.85840362\n",
      " 0.89827298 0.92349212 0.94607393 0.96438317 0.98073654 0.99357924\n",
      " 1.        ]\n"
     ]
    }
   ],
   "source": [
    "#計算解釋變異數比率 各特徵值/特徵值總和\n",
    "tot = sum(eigen_vals)\n",
    "var_exp = [ (i/tot) for i in sorted(eigen_vals, reverse=True)]\n",
    "cum_var_exp = np.cumsum(var_exp)\n",
    "print(\"各特徵值變異數比率：\\n\",var_exp)\n",
    "print()\n",
    "print(\"特徵值變異數比率累加：\\n\",cum_var_exp)"
   ]
  },
  {
   "cell_type": "code",
   "execution_count": 7,
   "id": "972e4c9d",
   "metadata": {},
   "outputs": [
    {
     "data": {
